0.000000 0.993600 1.000000
0.100000 0.988680 0.995004
0.200000 0.973880 0.980067
0.300000 0.949342 0.955336
0.400000 0.915303 0.921061
0.500000 0.872095 0.877583
0.600000 0.820143 0.825336
0.700000 0.759964 0.764842
0.800000 0.692156 0.696707
0.900000 0.617400 0.621610
1.000000 0.536449 0.540302
1.100000 0.450123 0.453596
1.200000 0.359300 0.362358
1.300000 0.264906 0.267499
1.400000 0.167908 0.169967
1.500000 0.069298 0.070737
1.600000 -0.029916 -0.029200
1.700000 -0.128725 -0.128844
1.800000 -0.226131 -0.227202
1.900000 -0.321161 -0.323290
2.000000 -0.412882 -0.416147
2.100000 -0.500406 -0.504846
2.200000 -0.582910 -0.588501
2.300000 -0.659629 -0.666276
2.400000 -0.729871 -0.737394
2.500000 -0.793011 -0.801144
2.600000 -0.848490 -0.856889
2.700000 -0.895809 -0.904072
2.800000 -0.934526 -0.942222
2.900000 -0.964247 -0.970958
3.000000 -0.984625 -0.989992
3.100000 -0.995362 -0.999135
3.200000 -0.996209 -0.998295
3.300000 -0.986983 -0.987480
3.400000 -0.967579 -0.966798
3.500000 -0.937997 -0.936457
3.600000 -0.898364 -0.896758
3.700000 -0.848963 -0.848100
3.800000 -0.790264 -0.790968
3.900000 -0.722941 -0.725932
4.000000 -0.647892 -0.653644
4.100000 -0.566239 -0.574824
4.200000 -0.479326 -0.490261
4.300000 -0.388689 -0.400799
4.400000 -0.296023 -0.307333
4.500000 -0.203135 -0.210796
4.600000 -0.111874 -0.112153
4.700000 -0.024070 -0.012389
4.800000 0.058540 0.087499
4.900000 0.134385 0.186512
5.000000 0.202120 0.283662
