0.000000 0.000532 0.000000
0.100000 0.099339 0.099833
0.200000 0.197138 0.198669
0.300000 0.292984 0.295520
0.400000 0.385951 0.389418
0.500000 0.475136 0.479426
0.600000 0.559666 0.564642
0.700000 0.638705 0.644218
0.800000 0.711463 0.717356
0.900000 0.777198 0.783327
1.000000 0.835230 0.841471
1.100000 0.884951 0.891207
1.200000 0.925829 0.932039
1.300000 0.957420 0.963558
1.400000 0.979378 0.985450
1.500000 0.991458 0.997495
1.600000 0.993527 0.999574
1.700000 0.985563 0.991665
1.800000 0.967658 0.973848
1.900000 0.940015 0.946300
2.000000 0.902946 0.909297
2.100000 0.856862 0.863209
2.200000 0.802266 0.808496
2.300000 0.739743 0.745705
2.400000 0.669947 0.675463
2.500000 0.593593 0.598472
2.600000 0.511442 0.515501
2.700000 0.424294 0.427380
2.800000 0.332980 0.334988
2.900000 0.238356 0.239249
3.000000 0.141302 0.141120
3.100000 0.042715 0.041581
3.200000 -0.056486 -0.058374
3.300000 -0.155364 -0.157746
3.400000 -0.252959 -0.255541
3.500000 -0.348297 -0.350783
3.600000 -0.440388 -0.442520
3.700000 -0.528234 -0.529836
3.800000 -0.610844 -0.611858
3.900000 -0.687250 -0.687766
4.000000 -0.756522 -0.756802
4.100000 -0.817799 -0.818277
4.200000 -0.870310 -0.871576
4.300000 -0.913405 -0.916166
4.400000 -0.946583 -0.951602
4.500000 -0.969514 -0.977530
4.600000 -0.982059 -0.993691
4.700000 -0.984288 -0.999923
4.800000 -0.976485 -0.996165
4.900000 -0.959140 -0.982453
5.000000 -0.932946 -0.958924
