1.223728 0.707107
0.931346 0.577350
0.991384 0.500000
0.693606 0.447214
0.422849 0.408248
0.171505 0.377964
-0.032939 0.353553
0.005883 0.333333
-0.008682 0.316228
-0.071234 0.301511
-0.048996 0.288675
-0.110331 0.277350
-0.087968 0.267261
-0.065743 0.258199
0.021600 0.250000
-0.103245 0.242536
0.016549 0.235702
-0.124323 0.229416
-0.125099 0.223607
-0.222556 0.218218
-0.194850 0.213201
-0.211478 0.208514
-0.282813 0.204124
-0.288199 0.200000
-0.338389 0.196116
-0.349428 0.192450
-0.377343 0.188982
-0.363659 0.185695
-0.386591 0.182574
-0.397690 0.179605
-0.455811 0.176777
-0.409070 0.174078
-0.427188 0.171499
-0.405025 0.169031
-0.429555 0.166667
-0.387621 0.164399
-0.348305 0.162221
-0.365678 0.160128
-0.340153 0.158114
-0.338234 0.156174
-0.322386 0.154303
-0.315415 0.152499
-0.303217 0.150756
-0.300683 0.149071
-0.302947 0.147442
-0.312506 0.145865
-0.331735 0.144338
-0.302667 0.142857
-0.298384 0.141421
-0.284520 0.140028
-0.291952 0.138675
-0.289969 0.137361
-0.303552 0.136083
-0.307050 0.134840
-0.290495 0.133631
-0.278564 0.132453
-0.260404 0.131306
-0.276290 0.130189
-0.240174 0.129099
-0.242168 0.128037
-0.246630 0.127000
-0.256916 0.125988
-0.244252 0.125000
-0.243225 0.124035
-0.277467 0.123091
-0.278726 0.122169
-0.248252 0.121268
-0.251793 0.120386
-0.258149 0.119523
-0.243839 0.118678
-0.228421 0.117851
-0.196591 0.117041
-0.173801 0.116248
-0.168868 0.115470
-0.148313 0.114708
-0.151652 0.113961
-0.153758 0.113228
-0.154461 0.112509
-0.129884 0.111803
-0.145321 0.111111
-0.157806 0.110432
-0.163450 0.109764
-0.162711 0.109109
-0.161521 0.108465
-0.173195 0.107833
-0.176940 0.107211
-0.182447 0.106600
-0.173184 0.106000
-0.163168 0.105409
-0.162376 0.104828
-0.152309 0.104257
-0.130205 0.103695
-0.121104 0.103142
-0.128607 0.102598
-0.135818 0.102062
-0.129233 0.101535
-0.118298 0.101015
-0.097411 0.100504
-0.090037 0.100000
-0.093012 0.099504
-0.112109 0.099015
-0.122613 0.098533
-0.142072 0.098058
-0.141570 0.097590
-0.120807 0.097129
-0.132343 0.096674
-0.129259 0.096225
-0.115499 0.095783
-0.128119 0.095346
-0.143571 0.094916
-0.136441 0.094491
-0.144475 0.094072
-0.144227 0.093659
-0.173788 0.093250
-0.173768 0.092848
-0.179007 0.092450
-0.175924 0.092057
-0.181353 0.091670
-0.181060 0.091287
-0.168941 0.090909
-0.166900 0.090536
-0.155632 0.090167
-0.153246 0.089803
-0.163109 0.089443
-0.158452 0.089087
-0.157151 0.088736
-0.165107 0.088388
-0.164081 0.088045
-0.158540 0.087706
-0.146470 0.087370
-0.144091 0.087039
-0.138896 0.086711
-0.145976 0.086387
-0.143308 0.086066
-0.141417 0.085749
-0.146494 0.085436
-0.142743 0.085126
-0.154323 0.084819
-0.159410 0.084515
-0.148254 0.084215
-0.149342 0.083918
-0.153370 0.083624
-0.142738 0.083333
-0.141913 0.083045
-0.153108 0.082761
-0.140355 0.082479
-0.138238 0.082199
-0.142830 0.081923
-0.144332 0.081650
-0.151145 0.081379
-0.148788 0.081111
-0.155631 0.080845
-0.146458 0.080582
-0.154145 0.080322
-0.142263 0.080064
-0.141730 0.079809
-0.145758 0.079556
-0.143112 0.079305
-0.153882 0.079057
-0.151475 0.078811
-0.155033 0.078567
-0.157261 0.078326
-0.162532 0.078087
-0.159851 0.077850
-0.169576 0.077615
-0.157598 0.077382
-0.166049 0.077152
-0.174520 0.076923
-0.170691 0.076696
-0.163900 0.076472
-0.173949 0.076249
-0.182763 0.076029
-0.183257 0.075810
-0.178557 0.075593
-0.173690 0.075378
-0.179814 0.075165
-0.187646 0.074953
-0.202674 0.074744
-0.207239 0.074536
-0.212257 0.074329
-0.211215 0.074125
-0.203527 0.073922
-0.212993 0.073721
-0.213450 0.073521
-0.203018 0.073324
-0.202085 0.073127
-0.208750 0.072932
-0.202668 0.072739
-0.206494 0.072548
-0.208987 0.072357
-0.209826 0.072169
-0.211157 0.071982
-0.214640 0.071796
-0.211784 0.071611
-0.213906 0.071429
-0.216678 0.071247
-0.227068 0.071067
-0.223216 0.070888
-0.221493 0.070711
-0.223159 0.070535
-0.228032 0.070360
-0.218224 0.070186
-0.221435 0.070014
-0.225850 0.069843
-0.226739 0.069673
-0.233095 0.069505
-0.237536 0.069338
-0.243010 0.069171
-0.234270 0.069007
-0.232338 0.068843
-0.224688 0.068680
-0.221002 0.068519
-0.225447 0.068359
-0.222652 0.068199
-0.226932 0.068041
-0.234878 0.067884
-0.240226 0.067729
-0.237049 0.067574
-0.233563 0.067420
-0.227455 0.067267
-0.226782 0.067116
-0.220359 0.066965
-0.223909 0.066815
-0.223625 0.066667
-0.230099 0.066519
-0.231430 0.066372
-0.242867 0.066227
-0.234671 0.066082
-0.227551 0.065938
-0.222333 0.065795
-0.219121 0.065653
-0.224815 0.065512
-0.230841 0.065372
-0.232972 0.065233
-0.235382 0.065094
-0.247096 0.064957
-0.240781 0.064820
-0.241167 0.064685
-0.242664 0.064550
-0.246395 0.064416
-0.243258 0.064282
-0.244882 0.064150
-0.246395 0.064018
-0.244112 0.063888
-0.244908 0.063758
-0.246693 0.063628
-0.249122 0.063500
-0.253121 0.063372
-0.255002 0.063246
-0.255258 0.063119
-0.254587 0.062994
-0.257641 0.062869
-0.254942 0.062746
-0.256601 0.062622
-0.257992 0.062500
-0.257239 0.062378
-0.254584 0.062257
-0.254887 0.062137
-0.262597 0.062017
-0.264584 0.061898
-0.263637 0.061780
-0.257533 0.061663
-0.255715 0.061546
-0.252908 0.061430
-0.250859 0.061314
-0.248075 0.061199
-0.249529 0.061085
-0.251346 0.060971
-0.250341 0.060858
-0.250921 0.060746
-0.254336 0.060634
-0.256307 0.060523
-0.255058 0.060412
-0.260381 0.060302
-0.261193 0.060193
-0.260162 0.060084
-0.256645 0.059976
-0.255722 0.059868
-0.259322 0.059761
-0.256099 0.059655
-0.254066 0.059549
-0.250908 0.059444
-0.258291 0.059339
-0.258477 0.059235
-0.263152 0.059131
-0.257488 0.059028
-0.262959 0.058926
-0.258682 0.058824
-0.261739 0.058722
-0.263222 0.058621
-0.261599 0.058521
-0.260077 0.058421
-0.260708 0.058321
-0.258287 0.058222
-0.257085 0.058124
-0.259512 0.058026
-0.257074 0.057928
-0.259530 0.057831
-0.257152 0.057735
-0.261205 0.057639
-0.255976 0.057544
-0.259457 0.057448
-0.259144 0.057354
-0.256150 0.057260
-0.255545 0.057166
-0.258331 0.057073
-0.256202 0.056980
-0.254152 0.056888
-0.254729 0.056796
-0.255739 0.056705
-0.253768 0.056614
-0.254830 0.056523
-0.252289 0.056433
-0.248401 0.056344
-0.254384 0.056254
-0.259498 0.056166
-0.255319 0.056077
-0.256841 0.055989
-0.253415 0.055902
-0.253445 0.055815
-0.255046 0.055728
-0.259043 0.055641
-0.261367 0.055556
-0.257720 0.055470
-0.256210 0.055385
-0.257190 0.055300
-0.255873 0.055216
-0.255402 0.055132
-0.263450 0.055048
-0.265163 0.054965
-0.263699 0.054882
-0.260769 0.054800
-0.260372 0.054718
-0.257126 0.054636
-0.253866 0.054554
-0.252342 0.054473
-0.251416 0.054393
-0.248736 0.054313
-0.248696 0.054233
-0.247697 0.054153
-0.250602 0.054074
-0.251304 0.053995
-0.251579 0.053916
-0.254251 0.053838
-0.252187 0.053760
-0.252616 0.053683
-0.252434 0.053606
-0.253216 0.053529
-0.248548 0.053452
-0.246772 0.053376
-0.247239 0.053300
-0.250592 0.053225
-0.253857 0.053149
-0.252215 0.053074
-0.253991 0.053000
-0.255889 0.052926
-0.254810 0.052852
-0.260043 0.052778
-0.258278 0.052705
-0.260962 0.052632
-0.262840 0.052559
-0.261560 0.052486
-0.265423 0.052414
-0.261644 0.052342
-0.257902 0.052271
-0.258813 0.052200
-0.258679 0.052129
-0.257821 0.052058
-0.256598 0.051988
-0.255438 0.051917
-0.256054 0.051848
-0.253046 0.051778
-0.258146 0.051709
-0.257072 0.051640
-0.261066 0.051571
-0.256423 0.051503
-0.261289 0.051434
-0.261170 0.051367
-0.261237 0.051299
-0.262079 0.051232
-0.262062 0.051164
-0.264431 0.051098
-0.261103 0.051031
-0.262081 0.050965
-0.265088 0.050899
-0.267026 0.050833
-0.270523 0.050767
-0.269059 0.050702
-0.268215 0.050637
-0.267581 0.050572
-0.268760 0.050508
-0.268133 0.050443
-0.269692 0.050379
-0.271710 0.050315
-0.271179 0.050252
-0.268535 0.050189
-0.269873 0.050125
-0.266127 0.050063
-0.268906 0.050000
-0.267834 0.049938
-0.269742 0.049875
-0.269745 0.049814
-0.274521 0.049752
-0.274426 0.049690
-0.278610 0.049629
-0.274120 0.049568
-0.271464 0.049507
-0.270481 0.049447
-0.269709 0.049386
-0.270484 0.049326
-0.271231 0.049266
-0.269822 0.049207
-0.272171 0.049147
-0.272662 0.049088
-0.269786 0.049029
-0.266939 0.048970
-0.267486 0.048912
-0.266093 0.048853
-0.262648 0.048795
-0.261557 0.048737
-0.261446 0.048679
-0.262816 0.048622
-0.260031 0.048564
-0.264088 0.048507
-0.265317 0.048450
-0.269142 0.048393
-0.269908 0.048337
-0.272226 0.048280
-0.271422 0.048224
-0.269875 0.048168
-0.268067 0.048113
-0.273115 0.048057
-0.273890 0.048002
-0.274763 0.047946
-0.269470 0.047891
-0.270260 0.047836
-0.267718 0.047782
-0.271348 0.047727
-0.268563 0.047673
-0.269574 0.047619
-0.270255 0.047565
-0.270774 0.047511
-0.271883 0.047458
-0.273256 0.047405
-0.269224 0.047351
-0.268903 0.047298
-0.269663 0.047246
-0.271124 0.047193
-0.268595 0.047140
-0.270371 0.047088
-0.269937 0.047036
-0.267810 0.046984
-0.266901 0.046932
-0.265291 0.046881
-0.262272 0.046829
-0.261328 0.046778
-0.260790 0.046727
-0.261174 0.046676
-0.260294 0.046625
-0.256578 0.046575
-0.255297 0.046524
-0.254318 0.046474
-0.255128 0.046424
-0.256499 0.046374
-0.254240 0.046324
-0.254463 0.046274
-0.254316 0.046225
-0.251116 0.046176
-0.250089 0.046127
-0.252205 0.046078
-0.254406 0.046029
-0.256106 0.045980
-0.257770 0.045932
-0.258982 0.045883
-0.258081 0.045835
-0.260537 0.045787
-0.262182 0.045739
-0.263441 0.045691
-0.264446 0.045644
-0.262243 0.045596
-0.263382 0.045549
-0.260707 0.045502
-0.261115 0.045455
-0.259593 0.045408
-0.256431 0.045361
-0.256168 0.045314
-0.255975 0.045268
-0.255759 0.045222
-0.257234 0.045175
-0.255184 0.045129
-0.257986 0.045083
-0.257249 0.045038
-0.256157 0.044992
-0.254508 0.044947
-0.255544 0.044901
-0.255125 0.044856
-0.251102 0.044811
-0.252002 0.044766
-0.254286 0.044721
-0.253732 0.044677
-0.253582 0.044632
-0.253981 0.044588
-0.253178 0.044544
-0.252585 0.044499
-0.251714 0.044455
-0.252862 0.044412
-0.251946 0.044368
-0.249776 0.044324
-0.250559 0.044281
-0.249106 0.044237
-0.250018 0.044194
-0.247865 0.044151
-0.249286 0.044108
-0.251295 0.044065
-0.252155 0.044023
-0.250759 0.043980
-0.252482 0.043937
-0.253541 0.043895
-0.256937 0.043853
-0.258750 0.043811
-0.258499 0.043769
-0.258023 0.043727
-0.258139 0.043685
-0.255301 0.043644
-0.255448 0.043602
-0.257245 0.043561
-0.255377 0.043519
-0.254868 0.043478
-0.254952 0.043437
-0.252547 0.043396
-0.254454 0.043355
-0.254727 0.043315
-0.252973 0.043274
-0.256060 0.043234
-0.255981 0.043193
-0.255932 0.043153
-0.254215 0.043113
-0.251889 0.043073
-0.250969 0.043033
-0.251810 0.042993
-0.246958 0.042954
-0.247085 0.042914
-0.248143 0.042875
-0.246400 0.042835
-0.246973 0.042796
-0.244383 0.042757
-0.246326 0.042718
-0.247759 0.042679
-0.244384 0.042640
-0.245848 0.042601
-0.245523 0.042563
-0.242002 0.042524
-0.241948 0.042486
-0.240205 0.042448
-0.240915 0.042409
-0.241216 0.042371
-0.241002 0.042333
-0.241176 0.042295
-0.245806 0.042258
-0.249395 0.042220
-0.248065 0.042182
-0.248161 0.042145
-0.249588 0.042108
-0.248565 0.042070
-0.246882 0.042033
-0.247690 0.041996
-0.250710 0.041959
-0.252038 0.041922
-0.252029 0.041885
-0.253496 0.041849
-0.254380 0.041812
-0.253685 0.041776
-0.251901 0.041739
-0.253234 0.041703
-0.254009 0.041667
-0.255648 0.041631
-0.256776 0.041595
-0.258178 0.041559
-0.261164 0.041523
-0.261393 0.041487
-0.262046 0.041451
-0.264321 0.041416
-0.265769 0.041380
-0.263615 0.041345
-0.263496 0.041310
-0.262736 0.041274
-0.263722 0.041239
-0.261121 0.041204
-0.259762 0.041169
-0.260415 0.041135
-0.262702 0.041100
-0.263857 0.041065
-0.262923 0.041030
-0.263961 0.040996
-0.262014 0.040962
-0.262280 0.040927
-0.262636 0.040893
-0.262053 0.040859
-0.263218 0.040825
-0.263337 0.040791
-0.260158 0.040757
-0.257564 0.040723
-0.255999 0.040689
-0.255993 0.040656
-0.257532 0.040622
-0.255199 0.040589
-0.256266 0.040555
-0.258822 0.040522
-0.256420 0.040489
-0.260792 0.040456
-0.263792 0.040423
-0.261609 0.040390
-0.262443 0.040357
-0.264385 0.040324
-0.264073 0.040291
-0.266345 0.040258
-0.265931 0.040226
-0.266120 0.040193
-0.264419 0.040161
-0.262408 0.040129
-0.262517 0.040096
-0.261958 0.040064
-0.261060 0.040032
-0.260496 0.040000
-0.260573 0.039968
-0.259567 0.039936
-0.258906 0.039904
-0.259543 0.039873
-0.259072 0.039841
-0.260325 0.039809
-0.261766 0.039778
-0.262525 0.039746
-0.263557 0.039715
-0.264421 0.039684
-0.263309 0.039653
-0.260540 0.039621
-0.259644 0.039590
-0.259525 0.039559
-0.258366 0.039528
-0.258746 0.039498
-0.257731 0.039467
-0.257085 0.039436
-0.254252 0.039406
-0.256153 0.039375
-0.257670 0.039344
-0.259364 0.039314
-0.257367 0.039284
-0.258635 0.039253
-0.259651 0.039223
-0.259492 0.039193
-0.258533 0.039163
-0.259116 0.039133
-0.258592 0.039103
-0.260364 0.039073
-0.259046 0.039043
-0.261462 0.039014
-0.261849 0.038984
-0.262107 0.038954
-0.261108 0.038925
-0.264609 0.038895
-0.267936 0.038866
-0.268186 0.038837
-0.267023 0.038808
-0.268799 0.038778
-0.267837 0.038749
-0.266124 0.038720
-0.263740 0.038691
-0.263723 0.038662
-0.263142 0.038633
-0.264817 0.038605
-0.265061 0.038576
-0.265852 0.038547
-0.267637 0.038519
-0.268903 0.038490
-0.265890 0.038462
-0.263499 0.038433
-0.264174 0.038405
-0.262401 0.038376
-0.258227 0.038348
-0.258694 0.038320
-0.259247 0.038292
-0.259809 0.038264
-0.260644 0.038236
-0.262762 0.038208
-0.266328 0.038180
-0.266834 0.038152
-0.267178 0.038125
-0.267657 0.038097
-0.267317 0.038069
-0.267601 0.038042
-0.268145 0.038014
-0.266339 0.037987
-0.269723 0.037959
-0.271292 0.037932
-0.272096 0.037905
-0.268609 0.037878
-0.271849 0.037851
-0.269190 0.037823
-0.269177 0.037796
-0.265119 0.037769
-0.261948 0.037743
-0.263154 0.037716
-0.262780 0.037689
-0.263140 0.037662
-0.263425 0.037635
-0.264688 0.037609
-0.265072 0.037582
-0.266335 0.037556
-0.265787 0.037529
-0.263041 0.037503
-0.261400 0.037477
-0.261627 0.037450
-0.260162 0.037424
-0.260792 0.037398
-0.261418 0.037372
-0.262123 0.037346
-0.261181 0.037320
-0.257878 0.037294
-0.257892 0.037268
-0.258758 0.037242
-0.259022 0.037216
-0.259694 0.037190
-0.257720 0.037165
-0.259329 0.037139
-0.256919 0.037113
-0.257263 0.037088
-0.257941 0.037062
-0.257165 0.037037
-0.257151 0.037012
-0.257621 0.036986
-0.255835 0.036961
-0.257510 0.036936
-0.257587 0.036911
-0.257277 0.036886
-0.259022 0.036860
-0.259395 0.036835
-0.260499 0.036811
-0.261439 0.036786
-0.262382 0.036761
-0.262038 0.036736
-0.262181 0.036711
-0.261453 0.036686
-0.259369 0.036662
-0.260049 0.036637
-0.259926 0.036613
-0.259384 0.036588
-0.259189 0.036564
-0.258837 0.036539
-0.258965 0.036515
-0.260131 0.036491
-0.261158 0.036466
-0.262069 0.036442
-0.262346 0.036418
-0.260994 0.036394
-0.259876 0.036370
-0.260799 0.036346
-0.259842 0.036322
-0.262097 0.036298
-0.263284 0.036274
-0.264249 0.036250
-0.265395 0.036226
-0.265197 0.036202
-0.265820 0.036179
-0.264705 0.036155
-0.265876 0.036131
-0.267695 0.036108
-0.267646 0.036084
-0.268798 0.036061
-0.269063 0.036037
-0.270974 0.036014
-0.270621 0.035991
-0.269705 0.035968
-0.269546 0.035944
-0.268976 0.035921
-0.267138 0.035898
-0.265102 0.035875
-0.265580 0.035852
-0.266409 0.035829
-0.266721 0.035806
-0.266762 0.035783
-0.267608 0.035760
-0.266770 0.035737
-0.268383 0.035714
-0.267772 0.035692
-0.266319 0.035669
-0.266245 0.035646
-0.265470 0.035624
-0.265250 0.035601
-0.264643 0.035578
-0.264880 0.035556
-0.265800 0.035533
-0.265735 0.035511
-0.266309 0.035489
-0.267823 0.035466
-0.267775 0.035444
-0.268860 0.035422
-0.268660 0.035400
-0.270283 0.035377
-0.269933 0.035355
-0.270103 0.035333
-0.271424 0.035311
-0.271980 0.035289
-0.271808 0.035267
-0.271666 0.035245
-0.274209 0.035223
-0.276241 0.035202
-0.276497 0.035180
-0.277855 0.035158
-0.276485 0.035136
-0.276354 0.035115
-0.276584 0.035093
-0.276847 0.035072
-0.277584 0.035050
-0.275609 0.035028
-0.274600 0.035007
-0.272470 0.034986
-0.272254 0.034964
-0.272502 0.034943
-0.272012 0.034922
-0.273274 0.034900
-0.274135 0.034879
-0.274259 0.034858
-0.272744 0.034837
-0.272984 0.034816
-0.272521 0.034794
-0.273258 0.034773
-0.274509 0.034752
-0.274522 0.034731
-0.274036 0.034711
-0.275713 0.034690
-0.275234 0.034669
-0.275863 0.034648
-0.276047 0.034627
-0.277230 0.034606
-0.277884 0.034586
-0.278934 0.034565
-0.279781 0.034544
-0.281086 0.034524
-0.282398 0.034503
-0.281436 0.034483
-0.284552 0.034462
-0.287818 0.034442
-0.288639 0.034421
-0.288616 0.034401
-0.288373 0.034381
-0.288498 0.034360
-0.289394 0.034340
-0.288628 0.034320
-0.288492 0.034300
-0.288230 0.034280
-0.287986 0.034259
-0.287768 0.034239
-0.287245 0.034219
-0.290102 0.034199
-0.288705 0.034179
-0.288713 0.034159
-0.287587 0.034139
-0.287489 0.034120
-0.287992 0.034100
-0.286378 0.034080
-0.286521 0.034060
-0.285472 0.034040
-0.286255 0.034021
-0.287034 0.034001
-0.288846 0.033981
-0.288122 0.033962
-0.288713 0.033942
-0.289173 0.033923
-0.289324 0.033903
-0.289002 0.033884
-0.288010 0.033864
-0.287253 0.033845
-0.286259 0.033826
-0.286636 0.033806
-0.286301 0.033787
-0.285285 0.033768
-0.285658 0.033748
-0.285090 0.033729
-0.285064 0.033710
-0.285565 0.033691
-0.285495 0.033672
-0.286276 0.033653
-0.287970 0.033634
-0.288738 0.033615
-0.289990 0.033596
-0.289093 0.033577
-0.289224 0.033558
-0.288237 0.033539
-0.287725 0.033520
-0.287346 0.033501
-0.288222 0.033482
-0.287948 0.033464
-0.288191 0.033445
-0.288390 0.033426
-0.286701 0.033408
-0.287284 0.033389
-0.288105 0.033370
-0.288076 0.033352
-0.288300 0.033333
-0.287002 0.033315
-0.287233 0.033296
-0.287914 0.033278
-0.288557 0.033260
-0.288320 0.033241
-0.289272 0.033223
-0.289698 0.033204
-0.289828 0.033186
-0.289646 0.033168
-0.289821 0.033150
-0.289690 0.033131
-0.290863 0.033113
-0.291853 0.033095
-0.292585 0.033077
-0.292833 0.033059
-0.291516 0.033041
-0.293128 0.033023
-0.293596 0.033005
-0.292828 0.032987
-0.293581 0.032969
-0.294554 0.032951
-0.295191 0.032933
-0.294611 0.032915
-0.295284 0.032898
-0.295128 0.032880
-0.294749 0.032862
-0.292379 0.032844
-0.290740 0.032827
-0.291250 0.032809
-0.292738 0.032791
-0.292343 0.032774
-0.296352 0.032756
-0.296879 0.032739
-0.296983 0.032721
-0.297906 0.032703
-0.297482 0.032686
-0.297764 0.032669
-0.298061 0.032651
-0.297064 0.032634
-0.297838 0.032616
-0.297434 0.032599
-0.296822 0.032582
-0.298547 0.032564
-0.296414 0.032547
-0.295961 0.032530
-0.296681 0.032513
-0.297220 0.032496
-0.295775 0.032478
-0.296603 0.032461
-0.294972 0.032444
-0.293341 0.032427
-0.293483 0.032410
-0.293260 0.032393
-0.293734 0.032376
-0.292657 0.032359
-0.292773 0.032342
-0.292873 0.032325
-0.292690 0.032309
-0.292825 0.032292
-0.292660 0.032275
-0.292043 0.032258
-0.291996 0.032241
-0.291568 0.032225
-0.290804 0.032208
-0.292214 0.032191
-0.291339 0.032174
-0.292239 0.032158
-0.291008 0.032141
-0.291619 0.032125
-0.293998 0.032108
-0.292497 0.032092
-0.291332 0.032075
-0.290813 0.032059
-0.292095 0.032042
-0.291688 0.032026
-0.289523 0.032009
-0.290432 0.031993
-0.290954 0.031976
-0.290456 0.031960
-0.291161 0.031944
-0.291856 0.031928
-0.293841 0.031911
-0.293773 0.031895
-0.294730 0.031879
-0.294077 0.031863
-0.294350 0.031846
-0.293317 0.031830
-0.294791 0.031814
-0.294365 0.031798
-0.292383 0.031782
-0.292136 0.031766
-0.294099 0.031750
-0.293415 0.031734
-0.292715 0.031718
-0.292243 0.031702
-0.291838 0.031686
-0.292464 0.031670
-0.293710 0.031654
-0.293206 0.031639
-0.294341 0.031623
-0.295040 0.031607
-0.295040 0.031607
