2.4474569789355924
0.34658155988095135
1.1714962180502748
-0.49750448253359086
-0.9309376625789767
-1.336560916197492
-1.4640442924406314
0.3164629644697206
-0.13977261755749615
-0.6967481465722047
0.19561643393126488
-0.8463484228730116
0.2027440081779151
0.24540868283860068
1.3317451167537806
-2.1007644482271437
2.0530561572363686
-2.660025966896102
-0.1398368024276311
-2.1717040464542685
0.38697919355425286
-0.5772830601231738
-1.9235247455075801
-0.4174787241932226
-1.5931382687656872
-0.6364175517763873
-1.1310662961296352
0.01949679276710603
-1.051618948516626
-0.7306717988303826
-2.2575483583152907
1.086642696697422
-1.0250678149681325
0.3484955538076015
-1.2880944622302473
1.1219817233552616
1.1064036534003974
-1.0258710463808647
0.6553584414947724
-0.2615097614774175
0.3273857021428835
-0.02261731524047722
0.2212957688209361
-0.18918297815629415
-0.4048121322633209
-0.7522504674367718
-1.2354741975898098
1.092564773192869
-0.0885156598240748
0.4086958062174009
-0.6709820557323105
-0.18682844978220053
-1.0234619317472837
-0.4959680921059296
0.6200612059050583
0.38956988103546647
0.7747006556523848
-1.19767322180563
1.8906872002705282
-0.3618436068244417
-0.5187696083561003
-0.8946944353578048
0.5536255985065623
-0.17753581208820207
-2.5031667855595208
-0.3618399515713736
1.7934994462504832
-0.492539584139292
-0.6967616909870822
0.7578820005844702
0.8662575061897175
2.095168973203143
1.4898942158063895
0.1961298479059339
1.3933116712331293
-0.405386239511905
-0.31594294172873255
-0.20932376248182466
1.811754289572529
-1.3802733432469547
-1.169098865959472
-0.6262719762415339
-0.10138944215608936
-0.06151524931012445
-1.1655025018582517
-0.49907042142409985
-0.6615111163291526
0.6419583722373707
0.7282145141535881
-0.09103572871042015
0.7637725363103347
1.90333115497671
0.7252693446913916
-0.8338891862354705
-0.8208555083252926
0.5029341590666117
0.942453102457151
1.949530342697593
0.6399586444776957
-0.39052048066720396
-2.040914177258661
-1.1940268778937466
-2.146320633654679
-0.08938735682428672
2.05935561228962
-1.355242123880333
0.2007966432140464
1.3705407394593645
-1.5036816824697181
-1.843311784297427
0.6550044102237598
-1.0442811511812564
-0.11620239384618017
-3.54377546895605
-0.1714044863707744
-0.7867251592328335
0.1847721979287541
-0.8220335606017815
-0.14616607128568906
1.2853781842355274
0.08005105175564586
1.2190767054635612
0.14026257477729087
-1.3861312781308304
0.42358589638372907
0.006758189427396588
-1.1755110485710973
-0.03269091568517235
0.5562877897720788
1.4226242087767242
0.16757015494734584
0.546735263690324
-1.0875299224627948
0.21420931819749994
0.11384548430676095
-0.8370054102653626
0.3711796061366986
-1.7523236568627025
-0.8666280472478358
1.4137064092000957
-0.30282204795233714
-0.7252986945125064
1.377674513562288
-0.023227434022538906
-1.7762825404545477
1.7215654545753998
0.17292539923078415
-0.8224200406931728
-0.36821598919934995
-1.1730194296401995
0.20710787004437742
-1.1957479765232215
1.2569616075440944
-1.337920002764894
1.6994905319974207
-0.05861494751043447
-0.7782077001499091
0.2750622239364325
-1.8663601154749512
0.23359244561921527
-0.7278763925447997
-0.5180704782738734
-1.0218388756849115
0.2799467388758649
-1.774321382861469
1.8308158264926344
-1.5772944303549277
-1.5977988838262727
0.47641142275731124
0.990582621793719
-1.8922776802113397
-1.6987016767170242
-0.26880086849798307
0.6392988341458021
0.6780349038447202
-1.2575959342659566
-1.5739084838951447
-2.8777925130056166
-1.0242671581988192
-1.115561192477374
-0.022576831723999935
1.195627909504191
-1.945283917052968
-0.2975307781403735
1.7270216976444674
-0.028690521705082184
-1.4550531433031326
0.9407584734886203
-0.9296095013774701
-0.6826425102688217
-0.3701208432799797
-0.46657574672711033
-0.887036324917418
0.34245301709113923
-0.6276835315812939
-0.7601461411593129
-2.2738167066499715
0.5395379381105905
0.12120775181806481
-0.5561866971258451
-1.2075552969736247
1.7628776594218543
-0.8731726614759783
-1.1264621355698854
-0.4090786597179412
-1.542372178513805
-1.1567387517529433
-1.3817193282606877
1.5923890809798518
0.17339570632914159
1.3894868128846476
0.5603943898594903
-1.1721533913253657
0.3754115131298827
-1.1470573591815858
-1.9512787395450986
-1.400717822121692
0.45546472103440755
0.5298294073707122
1.1163438169105477
-0.07806898441976134
1.205559121641302
-1.0155296397452107
-0.15995277657314075
-1.686793818967189
-0.5321633516662735
-2.8391653205489193
1.6341232894840363
1.4028627165795875
0.9778938715363463
0.522712963090022
-1.5457437206980453
-1.634890010448926
-0.7315967079023356
-0.8017269798730651
-3.011674276270153
1.2557952699278339
-0.3330642143282653
-0.6002822261962513
-1.1418620410075926
0.5127569936164262
-0.6379019134510542
-0.6140460767630354
0.31302683036441553
-0.4399642620167681
-0.6859564649039371
-0.8489771383018685
-1.244903843613828
-0.7234929224337641
-0.3192340003376232
-0.08597127138571387
-1.0274460670732461
0.42788765578537963
-0.6779031974188277
-0.6126161838877108
-0.06450134386717177
0.4278252261808296
-0.3332744073087175
-2.259476262174564
-0.7810237695795714
-0.01650453091616877
1.3417969352173504
0.22221231670884917
0.4882655295069848
0.29196208011275265
0.49246500022529066
-0.637681842842777
-0.738179908137703
0.020031326379367942
-0.4076650725344666
-1.1797031454667388
-0.7925212877217203
0.08604223303419084
-1.7190227277529027
-0.4844019609823975
0.024389944922392492
0.7176968779012751
0.0006363711158148266
-1.2636560852744863
0.6462867396160759
0.3172579489165072
0.6396317336167752
-2.3475707935899655
-0.3114520438548286
-1.5954409491998816
1.3625260776521508
-1.8332883568435154
0.9730729161115252
-1.1452854306801388
-0.693280284223017
0.21074309817057074
0.1844391003630651
-0.4455591648708698
0.4535895030570532
0.0972286993877251
-0.9776672942731242
0.4668944583865387
-0.9914829306143123
0.4540375995230374
-1.4770612361861508
1.3179277732787775
-1.310897408313781
-0.164274476679486
0.6540983441788706
-0.07116753401345435
-1.1105822400314038
0.3971036799961158
0.3772579341762287
-0.43300469248192724
-0.5687564159850719
0.3591274397628555
-0.5860616513733259
0.5429000222464455
0.9726892753143797
-2.13925825904123
-1.8754649167959307
1.0693621870260335
-0.7407058521886676
0.8396255306271716
-0.26330398012695705
-0.7687718074552787
-1.5461794662883996
-1.0121055005049389
0.9240228107239128
0.23465939238000194
-0.5767610134090784
0.17488291654119376
-0.10104698679428009
-2.9112083068867802
-0.8304740336627132
0.22096084213762385
0.7118665440605814
-0.1281139693409292
0.8269655869357817
0.8382327387195614
0.2597265611477943
0.060848884889275756
0.6567939488424381
-0.2349529186096146
0.09182100260954645
-1.2411216196201889
-0.491250490637421
-0.3458561999227057
-1.1735935490036695
0.4597548716189173
-0.4007939044426032
-0.1893533551657212
-0.5252625692570484
1.380334342641553
0.3750363280358116
-0.41135309758610095
-1.4308785431112494
-1.4063067190734777
0.3292531425335499
-0.8846775276433678
-0.9314596615851927
0.1303959927316367
-2.133587922471712
0.37532077134645253
-1.227194337981535
-0.9408246688296809
0.201904598206524
-1.6676044219592001
1.1137380487330941
1.1081360736260932
-0.5924105421224162
-0.20926852170956373
0.057928963915325815
0.19453929455037494
0.17391009105733723
-0.48459917512557005
0.8655910835722698
-2.160342942515148
0.14484845221540615
-1.7587987618168897
1.4890254582448221
-2.09581418540472
-0.21609757993391654
-0.2865258288418463
-0.5821138788903946
-0.2555282667569846
-1.1692169443467644
1.0134868674845
-0.6379270809982003
-1.4227272864888671
-1.0147951710446976
-1.624117098037508
0.29891365778436746
0.0602451959864419
-0.02051773311389976
-0.7296160595823123
-0.02235699105474992
-0.8823758382714497
-1.0666049034717677
-0.06144771206352506
0.7784044162240684
-0.8011357884400201
1.2249866866357657
-1.377986427342862
0.1611517513896218
-1.0348311993268544
-0.2709817929613859
-2.1991813540669427
-0.23608485497662857
-1.973379279115745
1.5490287722634206
0.8092651192906037
0.1308213216721294
0.04590129570321022
-0.5881014888163205
-0.5783497928250855
0.3106700929274116
-1.2421823323558028
-0.47608049870887326
0.9236569465092233
0.9176498967370628
-0.4956623577837583
0.3160585185732781
1.1808467653042207
0.19672916145083197
-0.21463118175617335
-0.8409042946468885
0.9180314135943688
-1.9842092800435944
-0.7877163818159503
-1.8988716253942723
-0.5968248814495534
-1.2643132295188897
0.07356284194856222
0.39523518909576655
0.5111355195960499
-2.4536049847298815
-0.6094547594114419
-0.6538256409980603
2.03295401720032
-0.6144444343968593
0.8431046615675255
-1.8615154647485852
0.9542255847789252
-0.7143236513610305
-0.5707118255758341
-0.5001258698665254
-0.7633579772376851
-0.8828051552490599
1.525133621938467
-0.1259602155080299
-0.609383405021676
-0.9257253369084513
0.8669934952263323
-1.0692785161221556
-0.07436262946453484
0.693561383838502
0.1451094785186255
0.46558714230142023
1.1110463681395932
0.16915914046607444
-0.014978345171623997
-0.43699658059469415
0.1436308474164028
1.452710582907879
0.3352814527395472
0.1981565069006082
-0.6300083246359829
-0.8926829147647004
0.796185140070776
-0.35825835812841245
-0.18568133721898833
1.2463899981210826
0.23157308682444094
-1.2467251186926804
-1.2912946074030327
-1.0585231689773782
-1.04477647026838
-0.8334629107320997
0.17007382799011317
-1.429483234143589
-1.0472112866730674
-0.8653093360951993
-0.7458694178004335
0.7954462609512738
-0.8110447111842358
1.0286026379173827
-0.4585714236407511
0.47712631155616086
1.2770987743847368
-0.12834094438025428
-0.1615808830145627
-0.15070930479621877
-0.9786213873615692
0.7493658168548036
-1.6335413648224526
0.10510349360267673
0.2823024555161026
0.5602735035507482
-0.7684538713391829
-0.047281769493054904
1.7482452493403986
-0.700338666386338
-1.3936705104512501
0.023355647052920314
-0.178607146177239
-0.4541220167599256
0.15068231513042113
0.04626429913575647
0.1880441582265246
-0.833590548746487
0.21226945734714392
0.85256437705755
-0.6490707694645659
0.4917302295777543
-0.7156989465534971
0.8544239667592246
-0.97812021899809
-1.2841057630984443
-0.6951637529401548
0.4698809020789428
-1.1432601038903376
-0.8024520546817613
-2.019166057254178
-1.201804886288962
-0.12752192308711738
-0.009768030430133023
-0.318909918996884
1.2322121141942923
-0.3327365501021568
-1.202739860139509
0.7292960273915319
0.013720052727528298
-0.29939937105728465
1.0223050278069705
-1.2671792316730075
-0.39999216944451277
0.6817774790218709
-1.9044328822160816
-0.2134662797061344
-0.22967034828904093
0.6674116165004191
0.9996412647302755
0.245041097662614
-0.7060111797878793
2.378008244424285
-0.3158186792132989
-0.8226365568706953
0.7016545214530137
-0.5591885964576933
1.1698716797131088
-1.309286455256437
-1.0331929957985977
1.608687265308552
-1.0509695208989416
-0.06660995308478043
1.7014624520988402
-0.21196367994833273
0.7257415001638716
-0.6354055034278598
-0.4081809924843372
-0.12185307894179584
-0.3382776326975967
-2.8338882445833065
-2.259441151728394
0.4979257661789475
-0.3020736850445828
-1.0527387576762466
0.32800697024495146
0.7041214301328909
-0.7048614116467331
-1.963285686624004
-1.0063645303514037
-0.24652377487012772
-1.0898211488779634
-0.7589761992187076
0.1435800669808432
0.7706416096393272
-1.0185430728688214
-0.6998547115105862
-1.1997315190560234
-0.9074206916513143
-1.0688767141740694
-1.9899964318452608
-0.39417938080515036
-0.6412169395847707
-1.5885875251204251
-1.1096667861443654
0.994350096654057
-0.19410224966732065
0.1829091890949608
-0.8427006350584336
1.2682579461180004
0.5408257660406717
-0.6460044990212233
-1.6141651788196376
-0.9476664339266943
0.2911696104029798
-0.8803781550618701
0.8958710057131007
-0.4204128201769032
-0.47515441691000776
0.08616258800065973
-0.9606428928438924
-0.3349197998861543
1.6503856725606858
1.3039741099107434
0.6880684639206924
-0.2526178036205918
-1.1888619950713377
1.1588740178272547
-0.9038789709073611
-1.8131527385414223
1.2068069070194796
-2.9276476952383477
-2.0970321933734604
1.0745487314960305
-0.7737549618820153
-1.457082132445799
-0.07215700619994264
-1.6658866200908875
-0.010227789200727089
-0.38302341447451477
0.7882328355316013
0.9848111153143639
-0.330460533562608
0.08584199066480924
0.2986587055449936
0.09140786361389402
-0.3091267712042827
0.37052544130464443
0.15569379190730664
-0.6600734233356509
0.037527296527856635
-1.0496902339873784
-1.1713326488077034
-0.7421376990828128
-0.916999492847034
-0.8120941107828084
0.4430458990961336
1.5004551283082217
0.31109757702540813
-0.18379453534197188
0.482199162832817
-0.5017893057979087
0.39269464000491044
0.15768525691447832
1.5674905664012306
-1.4803841980050094
-1.2359658719060096
-1.353568403479444
1.0343034842366479
-1.079990060364102
-0.9189988383287717
-0.15631083777612192
0.36586859376651765
-0.6390496852260799
0.08346860221042585
-1.419371808762754
0.6043046711616165
-1.8465035268222116
-0.516229237313584
-0.43138998457224986
0.39665890905521056
-2.5752469777846154
-2.4669485929114248
-0.43378485874930717
0.5040141020463191
-1.4478070143473174
0.372174165215764
0.8741235189626531
1.326635955452107
-0.25206200446079297
0.12536438638933722
-1.3871837626923165
-0.4284164978400863
-0.7978736571670442
-1.4685608998572386
-1.1221151777340646
1.767417407677663
1.353167724308573
-0.7212683887547435
0.9397687674284614
2.575534281846267
-0.5759790901938473
-0.635854509469004
-0.6430315187967313
-0.8312916589817507
-1.7108566657519322
-2.7096055691725254
-0.6137589288567613
-0.5037266807409168
-0.5968133237427854
-0.03308895220721009
-0.4633610900643743
-0.6444328122860881
0.9834787331541057
-2.614950175201736
-1.3599673218953443
-0.8311674073764355
2.1588683191805753
-2.530622139700563
1.5868549088678268
-0.2598945264378545
2.5752214721327156
1.9607593388305775
-1.109480656822689
0.0002872610872822756
-0.5167732627402584
-0.4644630991533262
-1.1563708159908832
-0.5363009819102673
-1.1603231937856833
0.12269930942981233
1.6865391133749232
0.9051406034530531
-0.42286491048122105
0.7838574623373826
-0.7104589193471881
-0.7089790652526506
-0.7669096610554591
0.4142544621612467
2.1135135014044826
-0.2679494426848147
-0.8821123325716087
-0.44940815847738524
-0.7450461420324127
1.1699487492980856
-1.4247533127015495
1.4903637901652085
-0.5067374271515585
-0.7512397460354692
0.3081525851195808
-0.24712120592808304
-0.6008783362205861
1.0497022993249159
-1.4834116975750213
-0.3136503757107667
-0.029718008448891275
-1.5415364829953475
-0.5343387875923571
-1.074298220605202
-0.9546189976327444
-0.9597017310283031
-0.0076783291905255235
-0.3680034965211315
0.27889688931869056
1.2891146833912432
-0.7661464543803163
-0.1678546706332242
0.14501287729657103
-0.11392852020606936
0.004178241529111226
-0.3547589745864821
-1.1344345552622297
-1.0324244762382733
-0.9470709977459433
-0.4710977374238715
0.758658528985453
0.5843800607506442
-0.958550141331747
0.4640850266548279
-1.9709951468835643
-1.1644382218846843
-0.997346192392679
-1.1379000705028133
-0.11440216533442862
-0.7411060294387004
0.5875249048627909
-1.1616829242542808
-1.661255134607568
-0.2299438900383431
-1.1539346896619258
-0.4727348886011407
-1.7420487557113473
0.0015675931585569236
0.4374539372193433
-0.14676781332699232
0.1724323918016502
1.1571446621162378
1.314538409604767
-0.6372387249153527
-0.911348165107343
-0.5090719325966454
-0.2991387925039096
-0.928534714592897
0.3888122019183256
-1.5316091618747052
0.21183803172319066
0.8742764403482775
-0.20810778808326358
0.34372357999558295
-0.09139328879281014
0.2139919795025927
-0.4517302337699979
-0.993799640150093
-0.21405348390478024
-0.7215714042578163
-1.4697552967843217
-0.2296907613963261
-1.132962465933174
-0.10912694268065004
-1.5653437595195185
0.009807043438517404
-0.40584621868056275
-1.329964992204095
-0.717606238180715
-0.13351639172137492
-0.15780288002269158
-2.3213742910711144
-1.913860741184835
-0.4831483310168587
-1.375263765126005
0.831597734954945
-0.16961897576328608
-0.4636760155077468
-0.49052339188394467
-0.8762249801790611
1.3320627394096787
0.5476189093978476
1.4653899034672517
-0.09588849314467882
-0.4755158424095589
0.12941629302792368
-1.3078762510036126
-0.9807063747206612
-0.3765238742224767
0.9740896958829077
-0.47094022804776325
0.11009809642586665
-0.8822046169782798
-1.3091622196317396
-0.2850611448716328
0.1286393537817816
-1.6674318523524412
0.12282616083702824
-0.7991941220582414
-0.4299385295108651
-1.263426384450599
-0.824158826654628
-1.1563705444560728
-0.9892390053712479
-1.3744723160702366
-1.3831774288652974
0.5269868426394377
-2.905124454220662
-3.0376883439108204
-0.9815199203866902
-0.2690272131159322
-0.0827717904835126
-0.3941275648107575
-1.048721496699119
0.36145190056791093
-0.17293842578312507
-0.0657798050987955
-0.08059931404394988
-0.10200112073559575
0.15894351666899348
-2.7295525872940227
0.905389801460529
-0.2954101158721273
0.6773222171913038
-0.20338695570396892
-0.7198289104381639
1.1016207275916898
-0.40998598339229264
0.6184312569734074
-0.9615420416197538
-0.9599418886972628
-1.8563996871546153
0.3391442632412654
-0.8012789541066108
-0.6888893862023904
-0.41999974428335557
-0.009297271512326344
0.5760932310602866
0.372660639515118
0.5820100692808146
-0.6163385712633788
0.006527879178927498
0.6050542277180124
-0.6127209034993333
0.21364569804302197
-0.2625947453573886
-0.7262575866899958
-0.22407574652906354
-0.9748455510960004
-1.783929992057118
-0.9678744801594774
-1.397511098167719
0.5058003673391847
-0.40566066246886817
0.5882977426475833
0.16745013864678893
0.04987853365375894
-1.06886599028167
-0.04337938320653423
-0.5055548562801679
-0.4664328950710479
1.22533804849857
-0.8095162511605534
-1.0248545460385112
-0.2617228847645221
-0.48948796498158487
0.8808246245974227
-0.49561290417115345
-0.9021693453038429
-0.8690241800635787
-0.0736767884519536
-1.1514639367142545
-0.6752677668708484
-0.4073766208208857
-0.12483826036003828
-0.44920281870272416
-0.1697104888171052
-1.3594809736208997
-1.1947697382646283
-0.9609523730654608
-0.5200997685318506
0.9135092487294603
-1.7695641036049716
-0.722263790572572
0.4115829910332736
-0.9849061215305901
-1.1897016221861414
-0.8820521562801105
0.24040844445977255
-0.9172702025880184
-0.1503462461928883
0.05550204512786583
1.901914282669954
1.2286019283822187
-0.7642283335844868
-1.675243641880346
0.0756186260436647
-4.029375685671072
-0.7874161027977363
-0.39447455152361066
-1.160124413493037
0.09927630118972591
-0.5621523497480689
-0.5755765221451217
0.6380320385780995
-1.0245248733874197
0.08175114155325675
0.2791273902051791
-1.9235142539283014
1.7153419301602224
0.1315184572900311
-0.9772017285776655
-0.8069733303479125
1.0721408642586887
-1.0808008901723714
1.2527886259165366
1.2557883202235336
-0.4281455962250136
-0.08098667672609611
-0.7456494687228363
0.7346713983670086
-0.4034372298641143
-0.38861139887274054
-0.11729535776303543
-0.421883948725147
-0.1349193231786282
0.30038129729916135
-0.24688987978287918
0.1201582562237673
0.4452331860585747
-1.6516989732741074
0.5530178957005796
-1.1615131142452884
0.8987287155060462
-0.8826663737954654
-2.599333531187822
1.1637255387230319
0.8400135167794518
0.21335679280953762
-1.5397914134517336
0.10516214953641378
1.8214971543701213
-1.178113499746481
-0.8008045831880855
0.1967839681634267
-0.9812622422600112
-0.9726890606537331
-2.2413024371530677
-0.2269965078671363
-1.2356423082273311
0.3484228503436671
-0.5629187242305811
0.7244054449718189
-1.7492964337138142
0.12669534469410526
1.6678213353072844
-0.047215960173943305
-2.239553288074132
0.38470425079357934
0.4028443230678666
0.17619225768953262
0.11118714142278041
-0.9158001116368899
-1.5362224922714498
0.21036329233815415
-1.428085899857124
-0.9946026794500409
